84
0     0 0 0 0 1.0 0.0
1     0 1 1 0 1.0 0.0
2     1 0 0 1 1.0 0.0
3     1 1 1 1 1.0 0.0
4     0 0 2 2 0.25 0.0
5     0 1 3 2 0.25 0.0
6     1 0 2 3 0.25 0.0
7     1 1 3 3 0.25 0.0
8     0 0 4 4 0.25 0.0
9     0 1 5 4 0.25 0.0
10     1 0 4 5 0.25 0.0
11     1 1 5 5 0.25 0.0
12     0 2 0 2 0.25 0.0
13     0 3 1 2 0.25 0.0
14     1 2 0 3 0.25 0.0
15     1 3 1 3 0.25 0.0
16     0 2 2 0 0.5 0.0
17     0 3 3 0 0.5 0.0
18     1 2 2 1 0.5 0.0
19     1 3 3 1 0.5 0.0
20     0 4 0 4 0.25 0.0
21     0 5 1 4 0.25 0.0
22     1 4 0 5 0.25 0.0
23     1 5 1 5 0.25 0.0
24     0 4 4 0 0.5 0.0
25     0 5 5 0 0.5 0.0
26     1 4 4 1 0.5 0.0
27     1 5 5 1 0.5 0.0
28     2 0 0 2 0.5 0.0
29     2 1 1 2 0.5 0.0
30     3 0 0 3 0.5 0.0
31     3 1 1 3 0.5 0.0
32     2 0 2 0 0.25 0.0
33     2 1 3 0 0.25 0.0
34     3 0 2 1 0.25 0.0
35     3 1 3 1 0.25 0.0
36     2 2 0 0 0.25 0.0
37     2 3 1 0 0.25 0.0
38     3 2 0 1 0.25 0.0
39     3 3 1 1 0.25 0.0
40     2 2 2 2 1.0 0.0
41     2 3 3 2 1.0 0.0
42     3 2 2 3 1.0 0.0
43     3 3 3 3 1.0 0.0
44     2 2 4 4 0.25 0.0
45     2 3 5 4 0.25 0.0
46     3 2 4 5 0.25 0.0
47     3 3 5 5 0.25 0.0
48     2 4 2 4 0.25 0.0
49     2 5 3 4 0.25 0.0
50     3 4 2 5 0.25 0.0
51     3 5 3 5 0.25 0.0
52     2 4 4 2 0.5 0.0
53     2 5 5 2 0.5 0.0
54     3 4 4 3 0.5 0.0
55     3 5 5 3 0.5 0.0
56     4 0 0 4 0.5 0.0
57     4 1 1 4 0.5 0.0
58     5 0 0 5 0.5 0.0
59     5 1 1 5 0.5 0.0
60     4 0 4 0 0.25 0.0
61     4 1 5 0 0.25 0.0
62     5 0 4 1 0.25 0.0
63     5 1 5 1 0.25 0.0
64     4 2 2 4 0.5 0.0
65     4 3 3 4 0.5 0.0
66     5 2 2 5 0.5 0.0
67     5 3 3 5 0.5 0.0
68     4 2 4 2 0.25 0.0
69     4 3 5 2 0.25 0.0
70     5 2 4 3 0.25 0.0
71     5 3 5 3 0.25 0.0
72     4 4 0 0 0.25 0.0
73     4 5 1 0 0.25 0.0
74     5 4 0 1 0.25 0.0
75     5 5 1 1 0.25 0.0
76     4 4 2 2 0.25 0.0
77     4 5 3 2 0.25 0.0
78     5 4 2 3 0.25 0.0
79     5 5 3 3 0.25 0.0
80     4 4 4 4 1.0 0.0
81     4 5 5 4 1.0 0.0
82     5 4 4 5 1.0 0.0
83     5 5 5 5 1.0 0.0
